11 715
13 951
26 254
56 92
59 563
71 789
74 236
81 255
84 1016
92 258
94 212
97 137
105 115
124 706
135 624
149 945
153 527
158 265
161 577
163 293
175 316
176 59
179 517
186 939
201 922
205 198
225 508
248 164
281 186
284 895
291 798
297 465
302 611
316 892
317 476
336 584
348 955
349 261
359 966
367 34
386 116
427 178
453 788
476 170
483 326
487 909
489 62
491 241
495 1015
498 763
501 779
505 860
529 14
539 272
548 529
554 748
561 88
563 927
577 289
583 868
635 356
663 490
667 692
673 570
680 796
699 680
701 543
709 350
732 875
737 26
741 970
760 41
762 682
763 562
768 233
769 638
787 437
791 745
792 987
795 488
809 205
826 507
835 251
843 889
852 492
867 315
870 306
871 574
880 612
883 602
886 346
916 373
918 911
923 125
973 739
976 328
980 428
984 446
998 5
